[
  {
    $vectorSearch: {
      queryVector: [
        -0.0031042215414345264,
        -0.01900952309370041,
        -0.02121783047914505,
        -0.03169114515185356,
        -0.02773943915963173,
        -0.008684717118740082,
        -0.022405924275517464,
        -0.015768088400363922,
        -0.002673214068636298,
        -0.03008980117738247,
        0.023723160848021507,
        0.002116294577717781,
        0.009788870811462402,
        0.002962166676297784,
        0.012119862250983715,
        0.031794458627700806,
        0.026357632130384445,
        -0.022263869643211365,
        0.022599635645747185,
        -0.030399739742279053,
        0.000680006924085319,
        0.012294202111661434,
        0.008239181712269783,
        -0.018635014072060585,
        0.012410428375005722,
        -0.010589543730020523,
        0.0038613092619925737,
        -0.033550772815942764,
        0.00015890369832050055,
        -0.02449800632894039,
        0.026099350303411484,
        -0.030528880655765533,
        -0.020585039630532265,
        -0.02181187830865383,
        -0.011538728140294552,
        -0.012436256743967533,
        0.008762202225625515,
        -0.013456469401717186,
        0.016839956864714622,
        0.0030654792208224535,
        0.016839956864714622,
        0.018725411966443062,
        -0.019758539274334908,
        -0.015341924503445625,
        -0.028385143727064133,
        0.002464974531903863, 0.02256089448928833,
        -0.02411058358848095,
        -0.005365799181163311,
        0.010531430132687092,
        -0.002795897889882326,
        0.04096345603466034, -0.03584948182106018,
        -0.013766407035291195,
        -0.008859056979417801,
        0.008503920398652554,
        -0.007515993434935808,
        -0.007625762838870287,
        0.02908250316977501,
        -0.016827043145895004,
        0.008465178310871124,
        0.013766407035291195,
        -0.02383938804268837,
        0.014489594846963882,
        -0.03269844502210617,
        0.003055793698877096,
        -0.00027845980366691947,
        -0.008549119345843792,
        0.009827612899243832,
        0.0016231382032856345,
        0.04145418852567673, 0.016775386407971382,
        0.005982446484267712,
        0.007651591207832098,
        -0.006863832473754883,
        -0.010014867410063744,
        0.010499144904315472,
        0.014128001406788826,
        -0.006431210786104202,
        0.009775957092642784,
        0.017007840797305107,
        -0.011738896369934082,
        -0.007884044200181961,
        0.008736373856663704, 0.02134697139263153,
        -0.006683035288006067,
        -0.013159445486962795,
        0.003175248857587576,
        -0.03156200796365738,
        0.004723323974758387,
        0.0011315960437059402,
        -0.0026909708976745605,
        0.009466019459068775,
        0.023451965302228928,
        -0.02094663493335247,
        0.019965164363384247,
        -0.009039854630827904,
        0.03331832215189934, 0.005207601934671402,
        -0.03520377725362778,
        0.0029121246188879013,
        0.005256029777228832,
        -0.014928674325346947,
        -0.02364567667245865,
        -0.009504761546850204,
        0.009388534352183342,
        0.016827043145895004,
        0.007884044200181961, 0.01827342063188553,
        -0.004055020399391651,
        -0.011467700824141502,
        0.021592337638139725,
        0.005217287223786116,
        -0.039258796721696854,
        -0.016839956864714622,
        -0.022108901292085648,
        -0.00046208183630369604,
        -0.009620987810194492,
        0.007561192382127047,
        -0.02913415990769863,
        0.026680484414100647, 0.01699492707848549,
        0.016478363424539566,
        -0.012087577022612095,
        0.02879839390516281, 0.02195393294095993,
        -0.015806831419467926,
        0.0008765430538915098,
        -0.019732709974050522,
        -0.017149895429611206,
        0.035565368831157684,
        0.012655796483159065, 0.02398144267499447,
        -0.002272877609357238,
        -0.03001231700181961, 0.02228969894349575,
        0.005862991325557232,
        0.016568761318922043,
        -0.01611676998436451,
        -0.010725141502916813,
        0.0043455869890749454,
        0.025350334122776985,
        -0.007896958850324154,
        -0.0019806965719908476,
        -0.006279470399022102,
        0.009918011724948883,
        0.012242545373737812,
        0.030115628615021706,
        0.010040695779025555,
        -0.020701266825199127,
        0.017679372802376747,
        -0.02309037186205387, 0.02161816693842411,
        0.004736238159239292,
        0.007767817936837673,
        0.005766135640442371,
        -0.004668439272791147,
        -0.005398084409534931,
        -0.0014520266558974981,
        -0.006825089920312166,
        -0.005523996893316507,
        0.004894435405731201,
        0.010815540328621864,
        -0.017821427434682846,
        0.021721478551626205,
        0.021592337638139725, 0.01760188862681389,
        0.011667869053781033,
        -0.018286334350705147,
        -0.0027232561260461807,
        -0.015277354046702385,
        0.03055470809340477, -0.01813136599957943,
        0.028565939515829086,
        0.0001301496959058568,
        0.024355949833989143,
        0.009872812777757645,
        0.019836023449897766,
        -0.032930899411439896,
        -0.027429500594735146,
        -0.023671504110097885,
        0.011932607740163803,
        0.021179087460041046,
        0.027894407510757446,
        -0.003912965767085552,
        0.007109199650585651,
        0.006082530599087477,
        0.012907620519399643,
        0.017885997891426086,
        -0.011880951933562756,
        0.0002479906543157995,
        0.023516535758972168,
        0.010660571046173573,
        0.0023939472157508135,
        -0.6789705753326416, -0.02612517960369587,
        0.019396943971514702,
        -0.008729916997253895,
        0.009737215004861355,
        0.017356520518660545, 0.02276751957833767,
        0.01726612262427807,
        -0.006095444783568382,
        -0.013688922859728336,
        -0.014347540214657784,
        0.005788735579699278,
        0.011248162016272545,
        -0.012042377144098282,
        -0.011015708558261395,
        -0.007754903752356768,
        0.01840256154537201,
        -0.012119862250983715,
        0.008265010081231594,
        -0.0008757358882576227,
        -0.026241406798362732,
        0.023258253931999207,
        0.003932336810976267,
        -0.015161127783358097,
        0.023555278778076172,
        0.013482296839356422,
        0.00024294608738273382,
        -0.009065682999789715,
        -0.028178518638014793,
        0.026344718411564827,
        -0.02048172801733017,
        0.020120132714509964,
        0.0044553568586707115,
        0.004390786401927471, 0.04445025697350502,
        0.002259963657706976,
        -0.03109709918498993, 0.03714088723063469,
        0.024756286293268204,
        0.020636696368455887,
        -0.012158604338765144,
        -0.003383488394320011,
        0.006008274853229523,
        0.008148782886564732,
        -0.015419408679008484,
        0.01792474091053009, 0.02711956389248371,
        -0.0037321685813367367,
        -0.014128001406788826,
        -0.0016965869581326842,
        0.0030719363130629063,
        -0.002403632737696171,
        0.005598252639174461,
        0.002992837456986308,
        0.010137551464140415,
        0.007296454161405563, 0.02572484314441681,
        -0.011687240563333035,
        0.0023148483596742153,
        0.018428388983011246,
        0.0002203464537160471,
        0.015677690505981445,
        -0.005385170225054026,
        -0.001100118039175868,
        -0.006528066471219063,
        0.037166714668273926,
        -0.01605219952762127,
        0.016620418056845665,
        0.0005359342321753502,
        -0.01880289800465107,
        0.013043218292295933,
        0.010815540328621864,
        -0.0026312433183193207,
        -0.0036611410323530436,
        0.011732439510524273, 0.03807070106267929,
        0.02062378264963627,
        -2.7442414648248814e-5,
        -0.006695949472486973,
        0.02438177913427353, 0.008549119345843792,
        0.0004794351407326758,
        -0.02443343587219715,
        0.008368322625756264, 0.02382647432386875,
        0.0026667569763958454,
        -0.02854011207818985,
        0.014502509497106075,
        0.012752652168273926,
        0.004410157445818186, 0.01565186306834221,
        0.0034997151233255863,
        -0.013650179840624332,
        -0.007942157797515392,
        0.009717843495309353,
        -0.011396673507988453,
        -0.03396402299404144,
        0.001946797245182097,
        0.015806831419467926,
        -0.03034808300435543,
        -0.002544073387980461,
        0.013585609383881092,
        -0.004823408089578152,
        -0.002511788159608841,
        0.006676578428596258,
        0.0022938631009310484,
        0.008878428488969803,
        0.020107218995690346,
        0.034015681594610214,
        -0.042616456747055054,
        0.007231883704662323,
        -0.010137551464140415,
        -0.02302580140531063,
        -0.012210260145366192,
        0.008407064713537693,
        -0.02196684665977955,
        0.036236900836229324,
        0.0005637801950797439,
        0.012642881833016872,
        -0.024627147242426872,
        0.02316785603761673,
        -0.003854852169752121,
        0.004226131830364466,
        -0.007593477610498667,
        0.0021485798060894012,
        0.0026845140382647514,
        0.004090534057468176,
        -0.02753281407058239,
        -0.003935565240681171,
        -0.005485254339873791,
        -0.0026748282834887505,
        0.02054629847407341, 0.015935972332954407,
        -0.008213353343307972,
        0.007083371747285128,
        -0.0016158740036189556,
        -0.004122819285839796,
        -0.008465178310871124,
        0.004135733470320702,
        -0.03068384900689125,
        -0.023400308564305305,
        0.006902574561536312,
        -0.0067153205163776875,
        0.012048834934830666,
        0.004190618172287941,
        -0.02584107033908367,
        -0.0016021528281271458,
        -0.0058081066235899925,
        -0.009853441268205643,
        0.00021832862694282085,
        -0.011157763190567493,
        -0.0014253912959247828,
        -0.01786017045378685,
        0.005252801347523928,
        0.005743536166846752,
        -0.0032737187575548887,
        -0.022677119821310043,
        -0.008503920398652554,
        -0.0004899278283119202,
        -0.01867375709116459,
        0.005030033178627491,
        0.0007813017000444233,
        -0.0021550366654992104,
        -0.008988197892904282,
        0.017950568348169327,
        -0.020714180544018745,
        0.001503682928159833,
        0.011119021102786064,
        -0.026163920760154724,
        -0.01659459061920643,
        0.028514284640550613,
        -0.003906508442014456,
        -0.004310073330998421,
        0.028514284640550613,
        -0.024678802117705345,
        0.026680484414100647,
        -0.023619847372174263,
        -0.023787731304764748,
        0.007716161664575338,
        0.0015965028433129191,
        0.0005585338803939521,
        0.0037967388052493334,
        -0.013081960380077362,
        0.013766407035291195,
        0.019422773271799088,
        0.007741989567875862,
        0.012113405391573906,
        0.009427276439964771,
        0.004322987515479326,
        0.0024924171157181263, -0.018325075507164,
        0.015432323329150677,
        -0.014282969757914543,
        0.003596570575609803,
        -0.006321440916508436,
        -0.016078026965260506,
        -0.007845302112400532,
        0.009427276439964771,
        0.023219512775540352,
        0.020972462370991707, 0.03473886847496033,
        -0.013469383120536804,
        0.02028801664710045, -0.02913415990769863,
        0.009007569402456284,
        -0.04796288534998894,
        0.0033544315956532955,
        -0.02068835310637951,
        0.016736645251512527,
        -5.5843298468971625e-5,
        0.019706882536411285,
        0.013508125208318233,
        0.0073029110208153725,
        -0.01597471348941326,
        0.021308228373527527,
        0.034945495426654816,
        -0.005401312839239836,
        0.0005201951717026532,
        -0.02169565111398697,
        0.007787188980728388,
        -0.003367345780134201,
        -0.014631650410592556,
        0.009130253456532955,
        0.0014294269494712353,
        -0.02431720867753029,
        0.007832388393580914,
        0.019887680187821388,
        0.017046581953763962, 0.01699492707848549,
        -0.020300930365920067,
        -0.008361865766346455,
        -0.012126319110393524,
        -0.005833934526890516,
        0.02618975006043911,
        -0.015316096134483814,
        0.015367752872407436,
        0.010899481363594532,
        -0.02779109589755535,
        0.031071271747350693,
        -0.0027232561260461807,
        -0.006534523330628872,
        0.0029379527550190687,
        0.03902634233236313, 0.012843050062656403,
        -0.0005266522639431059,
        0.007044629659503698, 0.04277142509818077,
        -0.008917170576751232,
        -0.010608915239572525,
        -0.002952480921521783,
        -0.010298976674675941,
        -0.01672373153269291,
        -0.004839550703763962,
        0.014851189218461514,
        0.005375484935939312,
        -0.03194942697882652,
        0.015574377961456776,
        0.002427846658974886, 0.03941376507282257,
        0.020042648538947105,
        0.014605822041630745,
        0.013779320754110813,
        0.009130253456532955,
        -0.013559781946241856,
        -0.006105130072683096,
        0.013288586400449276,
        0.0016433163546025753,
        0.025892725214362144,
        0.0030348082073032856,
        0.007354567293077707,
        0.00018009085033554584,
        -8.575755055062473e-5,
        0.008174611255526543,
        -0.015793917700648308,
        -0.001183252432383597,
        -0.012688081711530685,
        0.009149624034762383,
        0.002145351143553853,
        0.0012002021539956331,
        0.013495211489498615,
        0.011041536927223206,
        -0.031458694487810135,
        0.010221492499113083,
        0.011797009967267513,
        -0.009989039041101933,
        -0.022715862840414047,
        -0.019371116533875465,
        -0.02236718311905861,
        0.0027668410912156105,
        0.02866925299167633,
        -0.022005587816238403,
        0.021101603284478188,
        0.013353156857192516,
        -0.004787894431501627,
        -0.03801904618740082,
        0.006838004104793072,
        0.013314413838088512,
        -0.015832658857107162,
        0.022535065189003944,
        0.010964051820337772,
        -0.0020969233009964228,
        0.012429799884557724,
        -0.014347540214657784,
        -0.02054629847407341,
        0.009905098006129265,
        -0.009834070689976215,
        0.005485254339873791,
        -0.024265551939606667,
        0.014941588044166565,
        -0.01819593645632267,
        -0.0059598470106720924,
        -0.0067153205163776875,
        -0.030787160620093346,
        -0.004042106214910746,
        0.002800740534439683,
        0.0025763586163520813,
        -0.017743943259119987,
        -0.006147101055830717,
        0.04814368113875389, 0.010131093673408031,
        0.009453104808926582,
        -0.014889931306242943,
        -0.003916194196790457,
        0.002085623564198613, 0.07469502836465836,
        0.0007469987031072378,
        0.012565397657454014,
        0.011441873386502266,
        0.0020969233009964228,
        -0.010014867410063744,
        -0.02451092004776001,
        -0.0022147642448544502,
        -0.014231313951313496,
        -0.017162809148430824,
        -0.0016594589687883854,
        -0.007083371747285128,
        0.019500257447361946,
        0.010331261903047562,
        -0.0013624351704493165,
        0.012442713603377342,
        0.018286334350705147,
        -0.005236658733338118,
        0.012733280658721924,
        0.0010444259969517589,
        -0.016814129427075386,
        -0.011919694021344185,
        0.01934528909623623,
        -0.005372256506234407,
        0.02861759625375271, -0.03034808300435543,
        0.010847825556993484,
        0.011073822155594826,
        -0.009524132125079632,
        -0.037037573754787445,
        -0.02404601313173771,
        -0.006402153987437487,
        -0.020533382892608643,
        0.013921376317739487,
        0.011719525791704655,
        -0.006237499415874481,
        0.004678124561905861,
        0.015316096134483814,
        0.016336308792233467,
        -0.021385712549090385,
        0.0013317642733454704,
        0.020158875733613968,
        -0.0009871198562905192,
        -0.013508125208318233,
        0.004497327376157045,
        -0.008045470342040062,
        -0.011842208914458752,
        0.027429500594735146,
        -0.0055304537527263165,
        -0.03375739976763725,
        0.018518786877393723,
        -0.011532271280884743,
        -0.013004476204514503,
        -0.0002968219923786819,
        -0.0003704726113937795,
        0.011499986052513123,
        -0.0049686916172504425,
        -0.012759109027683735,
        -0.019513171166181564,
        -0.005740307737141848,
        -0.011164220049977303,
        -0.030244769528508186,
        0.018583357334136963,
        0.007367481477558613,
        -0.007412680424749851,
        -0.013010933063924313,
        -0.015471065416932106,
        -0.023051628842949867,
        -0.007961529307067394,
        -0.0011025393614545465,
        -0.008368322625756264,
        0.005636994726955891,
        0.001312393113039434,
        0.0069671450182795525,
        0.019087007269263268,
        -0.020378414541482925,
        0.014153828844428062,
        0.005459426436573267,
        0.013766407035291195, 0.02094663493335247,
        -0.011790553107857704,
        0.0009265850530937314,
        -0.008697631768882275,
        -0.01880289800465107,
        0.011525814421474934,
        0.00047741731395944953,
        0.026912938803434372,
        -0.0046910387463867664,
        0.0025166308041661978,
        0.002532773418352008,
        0.019978078082203865,
        -0.0016247524181380868,
        0.0036837407387793064,
        -0.0005032454500906169,
        0.015522721223533154,
        0.005075232591480017,
        0.007916329428553581,
        -0.0006053473916836083,
        0.017175722867250443,
        0.006650750059634447,
        -0.004720095545053482,
        -0.015703517943620682,
        0.011286904104053974,
        0.005775821395218372,
        -0.0024665887467563152,
        -0.003848395077511668,
        0.009207737632095814,
        0.014063430950045586,
        -0.014864103868603706,
        -0.010072981007397175,
        -0.007942157797515392,
        -0.028927534818649292,
        0.004762066062539816,
        -0.009620987810194492,
        0.004700724501162767,
        0.033421631902456284,
        -0.0007913908339105546,
        0.006398925557732582,
        0.0024536747951060534,
        -0.022444667294621468,
        0.004042106214910746,
        -0.040317751467227936,
        -0.006605550646781921,
        0.02369733341038227,
        -0.005620852578431368,
        0.0007659662514925003,
        0.011745354160666466,
        -0.019371116533875465,
        -0.0030138229485601187,
        0.0031720204278826714,
        -0.02458840422332287,
        0.013701836578547955,
        0.009446647949516773,
        0.019551914185285568, -0.0402919240295887,
        -0.007264168933033943,
        -0.017627716064453125,
        0.016749558970332146,
        -0.004649068228900433,
        0.005291543435305357,
        -0.036701809614896774,
        -0.013378984294831753,
        0.018079709261655807,
        -0.024665888398885727,
        0.0033641173504292965,
        -0.02652551606297493,
        -0.010447489097714424,
        -0.002313234144821763,
        -0.007503079250454903,
        0.005165630951523781,
        -0.022948315367102623,
        0.008762202225625515,
        -0.0011566170724108815,
        -0.021979760378599167,
        -0.004481185227632523,
        -0.04370123893022537,
        -0.012210260145366192,
        -0.036030277609825134,
        0.026835452765226364,
        0.020120132714509964,
        0.036030277609825134,
        -0.007599934935569763,
        0.024213895201683044,
        -0.014670392498373985,
        -0.004032420925796032,
        0.010944681242108345,
        0.008058384992182255,
        0.016426706686615944,
        0.0017434004694223404,
        0.03419647738337517, 0.029444096609950066,
        -0.0008418364450335503,
        0.009388534352183342,
        0.006344040855765343,
        0.028514284640550613, 0.01813136599957943,
        0.0015311253955587745,
        0.008342494256794453,
        -0.008232724852859974,
        -0.003764453576877713,
        -0.005527225323021412,
        0.013882633298635483,
        -0.008800944313406944,
        -0.005833934526890516,
        -0.013973032124340534,
        -0.007315825205296278,
        0.009065682999789715,
        0.013843891210854053,
        0.000748612976167351,
        0.006392468698322773, 0.036650151014328,
        -0.022612549364566803,
        0.018686670809984207,
        -0.015884315595030785,
        0.02148902602493763,
        -0.016284652054309845,
        0.00011572224320843816,
        -0.009517675265669823,
        0.009136710315942764,
        -0.006253642030060291,
        0.018040966242551804,
        -0.017498575150966644,
        -0.027971891686320305,
        0.017175722867250443,
        -0.0022147642448544502,
        0.036030277609825134,
        -0.011177134700119495,
        0.0019048264948651195,
        0.0002494031214155257,
        -0.022457581013441086,
        -0.006534523330628872,
        -0.019590655341744423,
        -0.011887408792972565,
        -0.04473436623811722,
        -0.01685287244617939,
        0.0002274088328704238,
        -0.0042777881026268005,
        0.02377481758594513,
        -0.018428388983011246,
        -0.015083642676472664,
        0.013792235404253006,
        0.006179386284202337,
        0.025892725214362144,
        0.002552144695073366,
        0.037450823932886124,
        0.007393309380859137,
        -0.010641200467944145,
        -0.004038877785205841,
        -0.005420684348791838,
        -0.02181187830865383,
        0.002962166676297784,
        0.007141484878957272,
        0.015212783589959145,
        -0.025350334122776985,
        -0.0031009928788989782,
        0.004171247128397226,
        -0.016749558970332146,
        -0.039103828370571136,
        -0.02807520516216755,
        0.007199598476290703,
        0.0005032454500906169,
        0.029495753347873688,
        -0.028023548424243927,
        -0.02283209003508091,
        -0.03295672684907913,
        0.007651591207832098,
        -0.016542933881282806,
        0.002481117146089673,
        -0.024885427206754684,
        -0.03969787433743477,
        -0.015832658857107162,
        -0.007528907153755426,
        -0.009911554865539074,
        0.019965164363384247,
        -0.010957594960927963,
        -0.02584107033908367,
        0.010408747009932995,
        -0.010060066357254982,
        0.007083371747285128,
        -0.01658167503774166,
        -0.03055470809340477,
        0.023180769756436348,
        -0.0028378686401993036,
        0.0005355306784622371,
        0.018635014072060585,
        0.008432893082499504,
        -0.022134728729724884,
        -0.0006432824884541333,
        0.016232995316386223,
        0.022987058386206627,
        -0.014760791324079037,
        -0.016413792967796326,
        -0.0030719363130629063,
        0.005065546836704016,
        0.019990991801023483,
        -0.0030057516414672136,
        -0.011900322511792183,
        -0.017705200240015984,
        -0.012494370341300964,
        -0.003570742439478636,
        0.006670121103525162,
        -0.0008002692484296858,
        -0.02174730785191059,
        -0.020830407738685608,
        -0.005440055392682552,
        -0.020843321457505226,
        -0.01638796553015709,
        -0.005817791912704706,
        0.008639518171548843,
        -0.03138120844960213,
        -0.006747605744749308,
        -0.003893594490364194,
        -0.030993787571787834,
        0.006021188572049141,
        -0.0005177737912163138,
        -0.010079437866806984,
        0.006986516062170267, 0.04003364220261574,
        -0.02753281407058239,
        -0.010156922042369843, -0.018325075507164,
        0.013585609383881092,
        -0.032672617584466934,
        0.0017547003226354718,
        -0.005520768463611603,
        -0.02356819249689579,
        0.025350334122776985,
        -0.020442984998226166,
        -0.01928071863949299,
        0.0006384397274814546,
        0.01645253598690033, 0.000587994116358459,
        0.012423343025147915,
        0.008884885348379612,
        0.024601317942142487,
        0.023671504110097885,
        -0.010131093673408031,
        -0.025208279490470886,
        -0.015019072219729424,
        0.011738896369934082,
        -0.0015674461610615253,
        -0.0006122079794295132,
        0.010828454047441483,
        -0.030580535531044006,
        0.017537318170070648,
        -0.004936406388878822,
        0.010964051820337772,
        -0.005740307737141848,
        -0.02913415990769863,
        -0.010253777727484703,
        -0.01968105509877205, 0.04222903400659561,
        -0.015509807504713535,
        -0.011364388279616833,
        -0.032207708805799484,
        0.003422230714932084,
        -0.007296454161405563,
        0.03499715030193329,
        -0.002503716852515936,
        -0.008445806801319122,
        0.0033802599646151066,
        0.03352494537830353, 0.018970780074596405,
        0.000725206162314862,
        0.0056305378675460815,
        0.003373802872374654,
        0.009640359319746494,
        -0.018480045720934868,
        -0.012145690619945526,
        -0.0048750643618404865,
        0.0016982011729851365,
        0.02309037186205387,
        0.0058920481242239475,
        -0.016271738335490227,
        -0.006825089920312166,
        0.009156080894172192,
        -0.019422773271799088,
        -0.0007760553853586316,
        -0.003906508442014456,
        0.013353156857192516,
        0.005595024209469557,
        -0.001000841031782329,
        6.472172390203923e-5,
        0.017782684415578842,
        -0.010060066357254982,
        -0.010014867410063744,
        -0.0036966546904295683,
        0.015535635873675346, 0.02356819249689579,
        -0.010040695779025555,
        0.010763883590698242,
        0.007160855922847986,
        -0.02263837866485119,
        0.0028523970395326614, 0.0172532070428133,
        0.006140644196420908,
        0.013818062841892242,
        -0.007515993434935808,
        0.004842779133468866,
        -0.010479774326086044,
        -0.01926780492067337,
        -0.0038645376916974783,
        -0.0056305378675460815,
        0.01766645908355713, 0.014321711845695972,
        -0.02727453224360943,
        0.0012502442114055157,
        0.0009338492527604103,
        0.004352044314146042,
        -0.016362136229872704,
        -0.0021501940209418535,
        0.019629398360848427,
        -0.021385712549090385,
        0.001351135433651507,
        0.006066387984901667,
        -0.021786049008369446,
        -0.014657477848231792,
        -0.029521582648158073,
        0.010137551464140415,
        0.0077484468929469585,
        -0.012010091915726662,
        0.021140344440937042,
        0.013056132942438126,
        -0.003580427961423993,
        -0.010821997188031673,
        -0.012920535169541836,
        0.003893594490364194,
        -0.013753493316471577,
        -0.0018386418232694268,
        -0.018751241266727448,
        0.007909872569143772,
        -0.013069046661257744,
        0.0042777881026268005,
        -0.045896630734205246,
        0.03189777210354805, -0.01926780492067337,
        0.008245638571679592,
        -0.026370547711849213,
        0.014192571863532066,
        0.004268102813512087,
        -0.005853305570781231,
        0.011629126965999603,
        0.009072139859199524,
        0.015044900588691235,
        -0.013495211489498615,
        0.00024334965564776212,
        -0.0007756517734378576,
        -0.0024940313305705786,
        0.009059225209057331,
        0.020597953349351883,
        -0.006147101055830717,
        -0.012042377144098282,
        0.001770842936821282,
        0.0027539271395653486,
        -0.004610325675457716, 0.0369342640042305,
        0.22542814910411835,
        -0.011441873386502266,
        0.003130049677565694, 0.04535423964262009,
        -0.0002055154473055154,
        0.036288559436798096,
        0.016504190862178802,
        0.0032850184943526983,
        -0.025363249704241753,
        0.009537046775221825,
        -0.026964593678712845,
        0.012352315708994865,
        0.013572695665061474,
        0.0003732975746970624,
        0.0025779728312045336,
        -0.02854011207818985,
        -0.016349222511053085,
        -0.01739526353776455,
        -0.03732168301939964,
        -0.019823109731078148,
        -0.0018983694026246667,
        -0.002411704044789076,
        -0.016103854402899742,
        -0.019216148182749748,
        0.006896117702126503,
        -0.011751811020076275,
        -0.0028830678202211857,
        -0.008697631768882275,
        0.018957866355776787,
        0.027816923335194588,
        -0.008516834117472172,
        -0.002116294577717781,
        0.004197075497359037,
        -0.005417455453425646,
        -0.01659459061920643,
        0.008587861433625221,
        -0.004878292791545391,
        -0.001220380305312574,
        0.003586885053664446,
        0.006066387984901667,
        -0.019551914185285568,
        0.010570172220468521,
        -0.006172928959131241,
        0.030244769528508186,
        -0.012546026147902012,
        0.024937083944678307,
        -0.009427276439964771,
        0.012707452289760113,
        0.015070728957653046,
        0.014760791324079037,
        -0.02786858007311821,
        -0.020533382892608643,
        0.03391236811876297, 0.061419352889060974,
        -0.015626033768057823,
        0.010247320868074894,
        -0.0037902819458395243,
        0.0035255432594567537,
        -0.007361024152487516,
        0.0002566672919783741,
        -0.004071163013577461,
        0.015419408679008484,
        -0.02550530433654785, 0.01773102954030037,
        -0.012055291794240475,
        0.009692015126347542,
        -0.038638919591903687,
        0.01993933692574501, 0.016827043145895004,
        -0.013624352402985096,
        0.004642610903829336,
        -0.03047722391784191,
        -0.015948886051774025,
        -0.016878699883818626,
        -0.032930899411439896,
        -0.016504190862178802,
        0.02900501899421215, 0.003929108381271362,
        -0.010324805043637753,
        0.017162809148430824,
        0.011403130367398262, -0.036650151014328,
        -0.010053609497845173,
        -0.02107577584683895,
        -0.025130795314908028,
        -0.046903930604457855,
        0.015961799770593643,
        -0.002532773418352008,
        -0.009763042442500591,
        0.02396852895617485,
        -0.013262758031487465,
        -0.006954230833798647,
        -0.015057814307510853,
        -0.02008139155805111, 0.01752440445125103,
        -0.011299817822873592,
        0.009298136457800865,
        0.007251254748553038,
        -0.026551343500614166,
        -0.007929244078695774,
        -0.024355949833989143,
        -0.013960118405520916,
        0.009653273038566113,
        0.0057984208688139915,
        -0.0161813385784626, 0.020236359909176826,
        0.0010662185959517956,
        0.012752652168273926,
        -0.012397514656186104,
        0.0050171189941465855,
        0.012081120163202286,
        -0.01940985955297947,
        0.010738056153059006,
        0.007096285931766033,
        -0.019965164363384247,
        0.018441302701830864,
        0.0027442416176199913,
        0.007858216762542725, 0.02706790715456009,
        -0.031871944665908813,
        0.0015714818146079779,
        0.011273989453911781,
        0.012320030480623245,
        -0.0057144793681800365,
        0.004607097245752811,
        -0.024730458855628967,
        -0.007483708206564188,
        0.009407905861735344,
        0.0025763586163520813,
        -0.029779862612485886,
        -0.0077484468929469585,
        -0.017098238691687584,
        0.018234677612781525,
        -0.011054450646042824,
        -0.006960688158869743,
        0.008071298711001873,
        -7.344882033066824e-5,
        0.005104289390146732,
        -0.0043617296032607555,
        0.016297565773129463,
        -0.011177134700119495,
        0.004900892730802298,
        -0.005869448184967041,
        0.020856235176324844, 0.02249632403254509,
        -0.015380666591227055,
        0.008871971629559994,
        0.009110881946980953,
        0.0031558778136968613,
        -0.013701836578547955,
        -0.010131093673408031,
        -0.015458150766789913,
        0.007651591207832098,
        -0.026280147954821587,
        0.012797851115465164,
        -0.026344718411564827,
        -0.036830950528383255,
        -0.028049377724528313,
        -0.016413792967796326,
        0.02934078499674797,
        -0.030838817358016968,
        0.010415203869342804,
        0.025130795314908028,
        0.0026780569460242987,
        -0.02436886541545391,
        -0.030606364831328392,
        -0.16612669825553894, 0.03205274045467377,
        0.023258253931999207,
        -0.004639382474124432,
        0.018389645963907242,
        0.0036611410323530436,
        0.011725982651114464,
        0.001611838350072503,
        0.020055562257766724,
        0.0015157898887991905,
        0.021669821813702583,
        0.002954095369204879,
        -0.03497132286429405,
        0.009750128723680973, 0.02644803188741207,
        0.014153828844428062,
        0.0018434845842421055,
        0.013088418170809746,
        0.0018450989155098796,
        0.008245638571679592,
        0.023929785937070847,
        -0.020830407738685608,
        -0.005843620281666517,
        -0.011648498475551605,
        -0.003054179484024644,
        -0.012042377144098282,
        0.0074966223910450935,
        0.022586721926927567,
        -0.002392333000898361,
        0.005469111725687981,
        -0.017782684415578842,
        -0.009601617231965065,
        0.033008381724357605,
        0.005039718933403492,
        0.010944681242108345,
        0.013004476204514503,
        -0.016349222511053085,
        -0.022134728729724884,
        0.0004778208676725626,
        0.02908250316977501, 0.02148902602493763,
        0.007877587340772152,
        0.029857348650693893,
        -0.0014754333533346653,
        0.004813722334802151, 0.02027510292828083,
        0.005740307737141848,
        0.0007546663982793689,
        0.013856805860996246,
        -0.015935972332954407,
        -0.006321440916508436,
        -0.01987476646900177,
        -0.008981741033494473,
        -0.010821997188031673,
        0.009549960494041443, 0.02383938804268837,
        0.014657477848231792,
        0.007025258149951696,
        -0.0016788301290944219,
        -0.023012885823845863,
        -0.008529748767614365,
        -0.018428388983011246,
        0.005317371338605881,
        -0.017963482066988945,
        -0.016039283946156502,
        -0.020455898717045784,
        -0.0008410293376073241,
        -0.007244797423481941,
        -0.010363547131419182,
        0.012784937396645546,
        0.00025908867246471345,
        -0.0003587692335713655,
        -0.0018224992090836167,
        0.002812040504068136,
        0.016672074794769287,
        0.00011844631080748513,
        -0.013856805860996246,
        0.030373910441994667,
        -0.012810764834284782,
        -0.005595024209469557,
        -0.022134728729724884,
        0.03308586776256561, 0.011131934821605682,
        -0.0010323190363124013,
        0.006999430246651173,
        0.011409588158130646,
        -0.010570172220468521,
        -0.007716161664575338,
        -0.02323242649435997,
        -0.015419408679008484,
        0.020533382892608643,
        -0.012029463425278664,
        -0.0036223987117409706,
        -0.0015020687133073807,
        0.012694538570940495,
        0.026628827676177025,
        0.0037483111955225468,
        -0.009795327670872211,
        0.007328738924115896,
        0.003993678372353315,
        -0.001664301729761064,
        -0.007238340564072132,
        -0.0003541282203514129,
        0.030916301533579826, 0.02128240093588829,
        0.024343036115169525, 0.01693035662174225,
        0.011106106452643871,
        0.019125748425722122,
        0.010202121920883656,
        -0.0040937624871730804,
        -0.0005823441897518933,
        0.014463767409324646,
        0.017369434237480164,
        0.003967850469052792,
        0.025014568120241165,
        0.005946932826191187,
        -0.011499986052513123,
        0.03375739976763725, 0.002001682063564658,
        0.048918526619672775,
        -0.0006618464831262827,
        -0.021127430722117424,
        -0.0019338831771165133,
        -0.010189207270741463,
        -0.007354567293077707,
        -0.06927110999822617,
        -0.022005587816238403,
        0.02310328558087349,
        -0.00021086267952341586,
        -0.014528337866067886,
        0.012184432707726955,
        -0.00829083751887083,
        0.005814563482999802,
        -0.014063430950045586,
        0.009588702581822872,
        0.0008757358882576227,
        -0.04674896225333214,
        -0.0006896924460306764,
        -0.012113405391573906,
        0.008865514770150185,
        -0.005963075440376997,
        -0.010596000589430332,
        -0.0010105265537276864,
        -0.008775115944445133,
        0.015109471045434475,
        0.003967850469052792,
        0.011880951933562756,
        0.011370845139026642,
        0.0066378358751535416,
        -0.011635583825409412,
        -0.0018063565948978066,
        -0.02156651020050049,
        0.035229604691267014,
        0.009504761546850204,
        0.012177974916994572,
        0.0013027075910940766,
        0.010886567644774914,
        -0.003625627374276519,
        -0.019216148182749748,
        -0.021540680900216103,
        0.0018434845842421055,
        -0.021385712549090385,
        -0.012533112429082394,
        0.0034609728027135134,
        -0.05692525580525398,
        0.008542662486433983, 0.02505331113934517,
        -0.013152988627552986,
        -0.032078567892313004,
        -0.014592908322811127,
        -0.009556417353451252,
        0.010686399415135384,
        0.011151306331157684,
        0.016684988513588905,
        -0.02223804220557213,
        -0.03442893177270889,
        -0.02382647432386875,
        -0.014192571863532066,
        0.0023584335576742887,
        0.024071840569376945,
        -0.006592636927962303,
        0.01678830198943615,
        -0.008174611255526543,
        -0.002757155569270253,
        -0.0005411805468611419,
        -0.0015892386436462402,
        0.002075938042253256,
        -0.003322146600112319,
        0.017679372802376747,
        0.0006150329718366265,
        0.0045296126045286655,
        -0.006398925557732582,
        -0.02134697139263153,
        0.010557258501648903,
        -0.019190318882465363,
        -0.020042648538947105,
        0.0033996310085058212,
        -0.034945495426654816,
        -0.0036320844665169716,
        -0.03352494537830353,
        -0.016078026965260506,
        -0.018144279718399048,
        -0.013572695665061474,
        0.036960091441869736,
        -0.015148213133215904,
        -0.011745354160666466,
        -0.011648498475551605,
        0.023400308564305305,
        -0.023555278778076172, 0.0378640778362751,
        0.01981019601225853,
        -0.007612848654389381,
        0.010589543730020523,
        0.0004810493846889585,
        -0.0051946877501904964,
        -0.02135988511145115,
        0.016400879248976707, 0.01563894748687744,
        -0.02812686190009117,
        -0.008594319224357605,
        0.015380666591227055,
        0.006492552813142538, 0.02626723423600197,
        0.01565186306834221,
        -0.006082530599087477,
        -0.0014617121778428555,
        0.012565397657454014,
        -0.056512005627155304,
        0.01665916107594967,
        -0.0006674964097328484,
        -0.00039347581332549453,
        0.015174041502177715,
        0.0018273419700562954,
        0.002595729660242796,
        -0.0015456536784768105,
        0.013960118405520916,
        0.0052205161191523075,
        -0.020365500822663307,
        0.0011259461753070354,
        0.0051172031089663506,
        0.008813858032226562,
        -0.03290507197380066,
        -0.007845302112400532,
        0.006486095488071442,
        0.018157193437218666,
        0.005091375205665827,
        -0.005104289390146732,
        0.0023939472157508135,
        0.016710815951228142,
        0.007264168933033943,
        -0.00022155714395921677,
        -0.01893203891813755,
        -0.012688081711530685,
        -0.003967850469052792,
        0.007380395662039518,
        -0.019629398360848427,
        -0.004403700586408377,
        0.020133046433329582,
        -0.02693876624107361,
        -0.026473859325051308,
        0.04251314327120781,
        -0.009524132125079632,
        -0.031716976314783096,
        0.008381236344575882,
        0.008729916997253895,
        0.032001085579395294,
        0.018957866355776787,
        -0.010873653925955296,
        -0.008904256857931614,
        0.011822838336229324,
        -0.026499686762690544,
        -0.015277354046702385,
        0.012681624852120876,
        -0.004752380773425102,
        0.01705949753522873, 0.013805149123072624,
        -0.012126319110393524,
        -0.018893295899033546,
        0.023994356393814087,
        0.005359342321753502,
        -0.015458150766789913,
        -0.009440191090106964,
        -0.035074636340141296,
        0.03001231700181961,
        -0.011868037283420563,
        0.008510377258062363,
        -0.008807401172816753,
        0.030038144439458847,
        0.014528337866067886, 0.02161816693842411,
        0.0014027917059138417,
        0.014734962955117226,
        -0.016465449705719948,
        -0.007025258149951696,
        0.008503920398652554,
        0.011571013368666172,
        -0.05271526426076889,
        -0.01665916107594967,
        -0.006253642030060291,
        0.012978647835552692,
        0.018970780074596405,
        -0.0048492359928786755,
        0.010066523216664791,
        0.0034545157104730606,
        -0.0025537589099258184,
        -0.009382077492773533,
        0.016232995316386223, 0.02040424384176731,
        -0.008116497658193111,
        -0.040860142558813095,
        0.0041938466019928455,
        0.02962489426136017, 0.03047722391784191,
        0.0010420046746730804,
        0.0035675140097737312,
        0.0004725745238829404,
        0.010608915239572525,
        -0.012068205513060093,
        0.008788029663264751,
        0.004293930716812611,
        -0.0036611410323530436,
        -0.018983693793416023, 0.0400078147649765,
        -0.022070158272981644,
        -0.013288586400449276,
        0.0017288721865043044,
        0.016297565773129463,
        -0.010047152638435364,
        -0.0061277300119400024,
        0.004474727902561426,
        -0.030399739742279053,
        -0.023271167650818825,
        0.016672074794769287,
        -0.02954741008579731,
        -0.019965164363384247,
        0.0011114177759736776,
        0.005191459320485592, 0.03701174631714821,
        0.010951138101518154,
        -0.017808513715863228,
        0.005937247071415186,
        -0.009336878545582294,
        0.017162809148430824,
        -0.010311891324818134,
        -0.02350362204015255,
        -0.027352016419172287,
        0.019435686990618706,
        0.018183020874857903,
        0.022121815010905266,
        -0.0009217422921210527,
        -0.03714088723063469,
        0.010596000589430332,
        0.024355949833989143, 0.02617683634161949,
        -0.014205485582351685,
        -0.0062956130132079124,
        0.011809923686087132,
        0.008142326027154922,
        -0.011273989453911781,
        0.008820314891636372,
        0.004745923448354006,
        0.011273989453911781,
        0.012113405391573906,
        -0.02398144267499447, 0.03228519484400749,
        -0.017046581953763962,
        0.03900051489472389, 0.009756585583090782,
        -0.022987058386206627,
        0.008910713717341423,
        -0.03613359108567238,
        0.010156922042369843, 0.02129531465470791,
        -0.00424550287425518,
        -0.011235247366130352,
        -0.015884315595030785,
        -0.013404812663793564,
        3.162940265610814e-5,
        0.025828154757618904,
        0.006689492147415876,
        -0.03512629121541977,
        -0.014386282302439213,
        -0.02921164408326149,
        0.007813016884028912,
        -0.0024181611370295286,
        -0.020055562257766724,
        0.015174041502177715,
        0.001024247845634818,
        0.030606364831328392,
        -0.009375620633363724,
        -0.0075805638916790485,
        -0.013663094490766525,
        0.030658021569252014, 0.02196684665977955,
        -0.0010331262601539493,
        -0.02879839390516281,
        -0.00879448652267456,
        -0.013391898944973946,
        -0.017640629783272743,
        -0.03231102228164673,
        0.023555278778076172,
        0.0010452332207933068,
        0.015522721223533154,
        -0.006779890973120928,
        0.012339401058852673, 0.01592305861413479,
        0.008510377258062363,
        0.005908190738409758,
        -0.02075292356312275,
        -0.03256930410861969,
        0.020365500822663307,
        -0.0015585677465423942,
        -0.0043617296032607555,
        0.012681624852120876,
        -0.012261916883289814
      ],
      path: "azure_openai_vector",
      numCandidates: 10,
      index: "langchain-test-index-vectorstores",
      limit: 10,
      filter: {
        genres: {
          $in: ["Comedy"]
        }
      },
      exact: false
    }
  }
]